n=6;
Min=2;
Max=4;
D=[|0, 300, 485, 264, 445, 396
|300, 0, 309, 64, 705, 656
|485, 309, 0, 325, 436, 387
|264, 64, 325, 0, 709, 660
|445, 705, 436, 709, 0, 89
|396, 656, 387, 660, 89, 0|];